170,4
170,3
170,2
170,1
170,0
169,7
169,5
169,4
169,3
169,2
169,1
169,0
168,3
168,2
168,1
168,0
167,3
167,2
167,1
167,0
166,3
166,2
166,1
166,0
165,3
165,2
165,1
165,0
164,117
164,116
164,115
164,114
164,113
164,112
164,111
164,110
164,109
164,108
164,107
164,106
164,105
164,104
164,103
164,102
164,101
164,100
164,99
164,98
164,97
164,96
164,95
164,94
164,93
164,92
164,91
164,90
164,89
164,88
164,87
164,86
164,85
164,84
164,83
164,82
164,81
164,80
164,79
164,78
164,77
164,76
164,75
164,74
164,73
164,72
164,71
164,70
164,69
164,68
164,67
164,66
164,65
164,64
164,35
164,34
164,33
164,32
164,31
164,30
164,29
164,28
164,27
164,26
164,25
164,24
164,23
164,22
164,21
164,20
164,19
164,18
164,17
164,16
164,15
164,14
164,13
164,12
164,11
164,10
164,9
164,8
164,7
164,6
164,5
164,3
164,2
164,1
164,0
163,3
163,2
163,1
163,0
162,3
162,2
162,1
162,0
7,3
7,2
7,1
7,0
6,6
6,5
6,4
6,3
6,2
6,1
6,0
5,3
5,2
5,1
5,0
4,3
4,2
4,1
4,0
3,2
2,2
1,2
0,9
0,2
1,45
3,44
2,44
1,44
3,43
2,43
1,43
3,42
2,42
1,42
3,41
2,41
1,41
3,40
2,40
1,40
3,39
2,39
1,39
3,38
2,38
1,38
3,37
2,37
1,37
3,36
2,36
1,36
3,35
2,35
1,35
3,34
2,34
1,34
3,33
2,33
1,33
3,32
2,32
1,32
3,31
2,31
1,31
3,30
2,30
1,30
3,29
2,29
1,29
3,28
2,28
1,28
3,27
2,27
1,27
3,26
2,26
1,26
3,25
2,25
1,25
3,24
2,24
1,24
3,23
2,23
1,23
3,22
2,22
1,22
3,21
2,21
1,21
3,20
2,20
1,20
3,19
2,19
1,19
3,18
2,18
1,18
3,17
2,17
1,17
3,16
2,16
1,16
3,15
2,15
1,15
3,14
2,14
1,14
3,13
2,13
1,13
3,12
2,12
1,46
1,12
3,11
2,11
1,11
3,10
2,10
1,10
3,9
2,9
1,9
3,8
2,8
1,8
3,7
2,7
1,7
3,6
2,6
1,6
3,5
2,5
1,5
3,4
2,4
1,4
3,3
3,0
2,3
2,0
1,3
1,0
0,6
0,0
0,47
0,46
0,49
0,48
0,45
0,12
0,10
0,8
0,11
0,5
0,7
0,4
0,3
